Connect Four
{"grid":[[0,0,0,0,0,0],[0,0,0,0,0,0],[0,0,0,0,0,0],[0,0,0,0,0,1],[0,0,0,0,0,0],[0,0,0,0,0,0],[0,0,0,0,0,0]],"height":6,"player":2,"width":7}
{"move":3}
{"grid":[[0,0,0,0,0,0],[0,0,0,0,0,0],[0,0,0,0,0,0],[0,0,0,0,2,1],[0,0,0,0,0,1],[0,0,0,0,0,0],[0,0,0,0,0,0]],"height":6,"player":2,"width":7}

[9999,9999,-2,9999,9999,-1,9999]
{"move":2}
{"grid":[[0,0,0,0,0,0],[0,0,0,0,0,0],[0,0,0,0,0,2],[0,0,0,0,2,1],[0,0,0,0,0,1],[0,0,0,0,0,1],[0,0,0,0,0,0]],"height":6,"player":2,"width":7}

[9999,9999,9999,9999,9999,9999,-2]
{"move":6}
{"grid":[[0,0,0,0,0,0],[0,0,0,0,0,0],[0,0,0,0,0,2],[0,0,0,1,2,1],[0,0,0,0,0,1],[0,0,0,0,0,1],[0,0,0,0,0,2]],"height":6,"player":2,"width":7}

[-2,-2,-3,-2,-3,-3,-2]
{"move":4}
{"grid":[[0,0,0,0,0,0],[0,0,0,0,0,0],[0,0,0,0,0,2],[0,0,0,1,2,1],[0,0,0,0,2,1],[0,0,0,0,1,1],[0,0,0,0,0,2]],"height":6,"player":2,"width":7}

[-2,-2,-3,-2,-3,-3,-2]
{"move":4}
{"grid":[[0,0,0,0,0,0],[0,0,0,0,0,0],[0,0,0,0,0,2],[0,0,1,1,2,1],[0,0,0,2,2,1],[0,0,0,0,1,1],[0,0,0,0,0,2]],"height":6,"player":2,"width":7}

[9999,9999,9999,-3,-3,-3,9999]
{"move":4}
{"grid":[[0,0,0,0,0,0],[0,0,0,0,0,0],[0,0,0,0,0,2],[0,0,1,1,2,1],[0,1,2,2,2,1],[0,0,0,0,1,1],[0,0,0,0,0,2]],"height":6,"player":2,"width":7}

[9999,9999,9999,-3,9999,-3,9999]
{"move":5}
{"grid":[[0,0,0,0,0,0],[0,0,0,0,0,0],[0,0,0,0,0,2],[0,0,1,1,2,1],[0,1,2,2,2,1],[0,0,1,2,1,1],[0,0,0,0,0,2]],"height":6,"player":2,"width":7}

[9999,9999,9999,-3,9999,9999,9999]
{"move":3}
{"grid":[[0,0,0,0,0,0],[0,0,0,0,0,0],[0,0,0,0,0,2],[0,2,1,1,2,1],[0,1,2,2,2,1],[0,0,1,2,1,1],[0,0,0,0,1,2]],"height":6,"player":2,"width":7}

[9999,9999,9999,9999,9999,9999,-3]
{"move":6}
{"grid":[[0,0,0,0,0,0],[0,0,0,0,0,0],[0,0,0,0,0,2],[1,2,1,1,2,1],[0,1,2,2,2,1],[0,0,1,2,1,1],[0,0,0,2,1,2]],"height":6,"player":2,"width":7}

[-3,-3,-3,-3,-3,-3]
{"move":4}
{"grid":[[0,0,0,0,0,0],[0,0,0,0,0,0],[0,0,0,0,1,2],[1,2,1,1,2,1],[2,1,2,2,2,1],[0,0,1,2,1,1],[0,0,0,2,1,2]],"height":6,"player":2,"width":7}

[-3,-3,-3,9999,-3]
{"move":2}
{"grid":[[0,0,0,0,0,0],[0,0,0,0,0,0],[0,0,0,2,1,2],[1,2,1,1,2,1],[2,1,2,2,2,1],[0,1,1,2,1,1],[0,0,0,2,1,2]],"height":6,"player":2,"width":7}

[-3,-3,-3,-3,-3]
{"move":2}
{"grid":[[0,0,0,0,0,0],[0,0,0,0,0,0],[0,1,2,2,1,2],[1,2,1,1,2,1],[2,1,2,2,2,1],[0,1,1,2,1,1],[0,0,0,2,1,2]],"height":6,"player":2,"width":7}

[-3,-3,-3,-3,-3]
{"move":2}
Main.exe: <stdin>: hGetLine: end of file
